##队长技能表											
##[SC]技能编号	[C]技能名称	[C]技能描述	[SC]影响职业	[S]影响属性类型	[S]影响属性参数	[S]影响属性参数+	[S]影响属性参数++	[S]影响属性参数+++	[S]影响属性参数++++	队长技品级	队长技类型
##index(0)											
int	string	string	string	string	string	string	string	string	string	int	int
0	初级冲锋怒吼	微量增加全体物攻伤害	12	3	200	260	320	380	440	1	1
1	中级冲锋怒吼	少量增加全体物攻伤害	12	3	300	390	480	570	660	2	1
2	高级冲锋怒吼	中量增加全体物攻伤害	12	3	400	520	640	760	880	3	1
3	大师冲锋怒吼	大量增加全体物攻伤害	12	3	500	650	800	950	1100	4	1
4	宗师冲锋怒吼	巨量增加全体物攻伤害	12	3	600	780	960	1140	1320	5	1
5	初级魔法契约	微量增加全体法攻伤害	12	4	200	260	320	380	440	1	1
6	中级魔法契约	少量增加全体法攻伤害	12	4	300	390	480	570	660	2	1
7	高级魔法契约	中量增加全体法攻伤害	12	4	400	520	640	760	880	3	1
8	大师魔法契约	大量增加全体法攻伤害	12	4	500	650	800	950	1100	4	1
9	宗师魔法契约	巨量增加全体法攻伤害	12	4	600	780	960	1140	1320	5	1
10	初级光之祷告	微量增加全体治疗效果	12	5	200	260	320	380	440	1	1
11	中级光之祷告	少量增加全体治疗效果	12	5	300	390	480	570	660	2	1
12	高级光之祷告	中量增加全体治疗效果	12	5	400	520	640	760	880	3	1
13	大师光之祷告	大量增加全体治疗效果	12	5	500	650	800	950	1100	4	1
14	宗师光之祷告	巨量增加全体治疗效果	12	5	600	780	960	1140	1320	5	1
15	初级复仇宣言	微量增加全体暴击几率	12	0	200	260	320	380	440	1	1
16	中级复仇宣言	少量增加全体暴击几率	12	0	300	390	480	570	660	2	1
17	高级复仇宣言	中量增加全体暴击几率	12	0	400	520	640	760	880	3	1
18	大师复仇宣言	大量增加全体暴击几率	12	0	500	650	800	950	1100	4	1
19	宗师复仇宣言	巨量增加全体暴击几率	12	0	600	780	960	1140	1320	5	1
20	初级瞄准技巧	微量增加全体命中几率	12	1	200	260	320	380	440	1	1
21	中级瞄准技巧	少量增加全体命中几率	12	1	300	390	480	570	660	2	1
22	高级瞄准技巧	中量增加全体命中几率	12	1	400	520	640	760	880	3	1
23	大师瞄准技巧	大量增加全体命中几率	12	1	500	650	800	950	1100	4	1
24	宗师瞄准技巧	巨量增加全体命中几率	12	1	600	780	960	1140	1320	5	1
25	初级精确指挥	微量增加全体闪避几率	12	2	160	208	256	304	352	1	1
26	中级精确指挥	少量增加全体闪避几率	12	2	240	312	384	456	528	2	1
27	高级精确指挥	中量增加全体闪避几率	12	2	320	416	512	608	704	3	1
28	大师精确指挥	大量增加全体闪避几率	12	2	400	520	640	760	880	4	1
29	宗师精确指挥	巨量增加全体闪避几率	12	2	480	624	768	912	1056	5	1
30	初级法力庇护	微量增加全体法抗	12	7	-200	-260	-320	-380	-440	1	1
31	中级法力庇护	少量增加全体法抗	12	7	-300	-390	-480	-570	-660	2	1
32	高级法力庇护	中量增加全体法抗	12	7	-400	-520	-640	-760	-880	3	1
33	大师法力庇护	大量增加全体法抗	12	7	-500	-650	-800	-950	-1100	4	1
34	宗师法力庇护	巨量增加全体法抗	12	7	-600	-780	-960	-1140	-1320	5	1
35	初级防御心得	微量增加全体物抗	12	6	-200	-260	-320	-380	-440	1	1
36	中级防御心得	少量增加全体物抗	12	6	-300	-390	-480	-570	-660	2	1
37	高级防御心得	中量增加全体物抗	12	6	-400	-520	-640	-760	-880	3	1
38	大师防御心得	大量增加全体物抗	12	6	-500	-650	-800	-950	-1100	4	1
39	宗师防御心得	巨量增加全体物抗	12	6	-600	-780	-960	-1140	-1320	5	1
40	初级生存本能	微量增加全体韧性	12	9	200	260	320	380	440	1	1
41	中级生存本能	少量增加全体韧性	12	9	300	390	480	570	660	2	1
42	高级生存本能	中量增加全体韧性	12	9	400	520	640	760	880	3	1
43	大师生存本能	大量增加全体韧性	12	9	500	650	800	950	1100	4	1
44	宗师生存本能	巨量增加全体韧性	12	9	600	780	960	1140	1320	5	1
45	初级快速恢复	微量增加全体被治疗	12	8	400	520	640	760	880	1	1
46	中级快速恢复	少量增加全体被治疗	12	8	600	780	960	1140	1320	2	1
47	高级快速恢复	中量增加全体被治疗	12	8	800	1040	1280	1520	1760	3	1
48	大师快速恢复	大量增加全体被治疗	12	8	1000	1300	1600	1900	2200	4	1
49	宗师快速恢复	巨量增加全体被治疗	12	8	1200	1560	1920	2280	2640	5	1
50		微量增加全体0	12	0	400	520	640	760	880	1	1
51		少量增加全体0	12	0	600	780	960	1140	1320	2	1
52		中量增加全体0	12	0	800	1040	1280	1520	1760	3	1
53		大量增加全体0	12	0	1000	1300	1600	1900	2200	4	1
54		巨量增加全体0	12	0	1200	1560	1920	2280	2640	5	1
55		微量增加全体0	12	0	400	520	640	760	880	1	1
56		少量增加全体0	12	0	600	780	960	1140	1320	2	1
57		中量增加全体0	12	0	800	1040	1280	1520	1760	3	1
58		大量增加全体0	12	0	1000	1300	1600	1900	2200	4	1
59		巨量增加全体0	12	0	1200	1560	1920	2280	2640	5	1
60		微量增加全体0	12	0	400	520	640	760	880	1	1
61		少量增加全体0	12	0	600	780	960	1140	1320	2	1
62		中量增加全体0	12	0	800	1040	1280	1520	1760	3	1
63		大量增加全体0	12	0	1000	1300	1600	1900	2200	4	1
64		巨量增加全体0	12	0	1200	1560	1920	2280	2640	5	1
65		微量增加全体0	12	0	400	520	640	760	880	1	1
66		少量增加全体0	12	0	600	780	960	1140	1320	2	1
67		中量增加全体0	12	0	800	1040	1280	1520	1760	3	1
68		大量增加全体0	12	0	1000	1300	1600	1900	2200	4	1
69		巨量增加全体0	12	0	1200	1560	1920	2280	2640	5	1
70		微量增加全体0	12	0	400	520	640	760	880	1	1
71		少量增加全体0	12	0	600	780	960	1140	1320	2	1
72		中量增加全体0	12	0	800	1040	1280	1520	1760	3	1
73		大量增加全体0	12	0	1000	1300	1600	1900	2200	4	1
74		巨量增加全体0	12	0	1200	1560	1920	2280	2640	5	1
75		微量增加全体0	12	0	400	520	640	760	880	1	1
76		少量增加全体0	12	0	600	780	960	1140	1320	2	1
77		中量增加全体0	12	0	800	1040	1280	1520	1760	3	1
78		大量增加全体0	12	0	1000	1300	1600	1900	2200	4	1
79		巨量增加全体0	12	0	1200	1560	1920	2280	2640	5	1
80		微量增加全体0	12	0	400	520	640	760	880	1	1
81		少量增加全体0	12	0	600	780	960	1140	1320	2	1
82		中量增加全体0	12	0	800	1040	1280	1520	1760	3	1
83		大量增加全体0	12	0	1000	1300	1600	1900	2200	4	1
84		巨量增加全体0	12	0	1200	1560	1920	2280	2640	5	1
85		微量增加全体0	12	0	400	520	640	760	880	1	1
86		少量增加全体0	12	0	600	780	960	1140	1320	2	1
87		中量增加全体0	12	0	800	1040	1280	1520	1760	3	1
88		大量增加全体0	12	0	1000	1300	1600	1900	2200	4	1
89		巨量增加全体0	12	0	1200	1560	1920	2280	2640	5	1
90		微量增加全体0	12	0	400	520	640	760	880	1	1
91		少量增加全体0	12	0	600	780	960	1140	1320	2	1
92		中量增加全体0	12	0	800	1040	1280	1520	1760	3	1
93		大量增加全体0	12	0	1000	1300	1600	1900	2200	4	1
94		巨量增加全体0	12	0	1200	1560	1920	2280	2640	5	1
95		微量增加全体0	12	0	400	520	640	760	880	1	1
96		少量增加全体0	12	0	600	780	960	1140	1320	2	1
97		中量增加全体0	12	0	800	1040	1280	1520	1760	3	1
98		大量增加全体0	12	0	1000	1300	1600	1900	2200	4	1
99		巨量增加全体0	12	0	1200	1560	1920	2280	2640	5	1
100	初级战士荣誉	微量增加战士物攻伤害	1	3	360	468	576	684	792	1	1
101	中级战士荣誉	少量增加战士物攻伤害	1	3	540	702	864	1026	1188	2	1
102	高级战士荣誉	中量增加战士物攻伤害	1	3	720	936	1152	1368	1584	3	1
103	大师战士荣誉	大量增加战士物攻伤害	1	3	900	1170	1440	1710	1980	4	1
104	宗师战士荣誉	巨量增加战士物攻伤害	1	3	1080	1404	1728	2052	2376	5	1
105	初级法术增效	微量增加战士法攻伤害	1	4	360	468	576	684	792	1	1
106	中级法术增效	少量增加战士法攻伤害	1	4	540	702	864	1026	1188	2	1
107	高级法术增效	中量增加战士法攻伤害	1	4	720	936	1152	1368	1584	3	1
108	大师法术增效	大量增加战士法攻伤害	1	4	900	1170	1440	1710	1980	4	1
109	宗师法术增效	巨量增加战士法攻伤害	1	4	1080	1404	1728	2052	2376	5	1
110	初级急救术	微量增加战士治疗效果	1	5	360	468	576	684	792	1	1
111	中级急救术	少量增加战士治疗效果	1	5	540	702	864	1026	1188	2	1
112	高级急救术	中量增加战士治疗效果	1	5	720	936	1152	1368	1584	3	1
113	大师急救术	大量增加战士治疗效果	1	5	900	1170	1440	1710	1980	4	1
114	宗师急救术	巨量增加战士治疗效果	1	5	1080	1404	1728	2052	2376	5	1
115	初级狂暴冲刺	微量增加战士暴击几率	1	0	360	468	576	684	792	1	1
116	中级狂暴冲刺	少量增加战士暴击几率	1	0	540	702	864	1026	1188	2	1
117	高级狂暴冲刺	中量增加战士暴击几率	1	0	720	936	1152	1368	1584	3	1
118	大师狂暴冲刺	大量增加战士暴击几率	1	0	900	1170	1440	1710	1980	4	1
119	宗师狂暴冲刺	巨量增加战士暴击几率	1	0	1080	1404	1728	2052	2376	5	1
120	初级精神集中	微量增加战士命中几率	1	1	360	468	576	684	792	1	1
121	中级精神集中	少量增加战士命中几率	1	1	540	702	864	1026	1188	2	1
122	高级精神集中	中量增加战士命中几率	1	1	720	936	1152	1368	1584	3	1
123	大师精神集中	大量增加战士命中几率	1	1	900	1170	1440	1710	1980	4	1
124	宗师精神集中	巨量增加战士命中几率	1	1	1080	1404	1728	2052	2376	5	1
125	初级感应集中	微量增加战士闪避几率	1	2	288	374.4	460.8	547.2	633.6	1	1
126	中级感应集中	少量增加战士闪避几率	1	2	432	561.6	691.2	820.8	950.4	2	1
127	高级感应集中	中量增加战士闪避几率	1	2	576	748.8	921.6	1094.4	1267.2	3	1
128	大师感应集中	大量增加战士闪避几率	1	2	720	936	1152	1368	1584	4	1
129	宗师感应集中	巨量增加战士闪避几率	1	2	864	1123.2	1382.4	1641.6	1900.8	5	1
130	初级力量守护	微量增加战士法抗	1	7	-360	-468	-576	-684	-792	1	1
131	中级力量守护	少量增加战士法抗	1	7	-540	-702	-864	-1026	-1188	2	1
132	高级力量守护	中量增加战士法抗	1	7	-720	-936	-1152	-1368	-1584	3	1
133	大师力量守护	大量增加战士法抗	1	7	-900	-1170	-1440	-1710	-1980	4	1
134	宗师力量守护	巨量增加战士法抗	1	7	-1080	-1404	-1728	-2052	-2376	5	1
135	初级坚韧之盾	微量增加战士物抗	1	6	-360	-468	-576	-684	-792	1	1
136	中级坚韧之盾	少量增加战士物抗	1	6	-540	-702	-864	-1026	-1188	2	1
137	高级坚韧之盾	中量增加战士物抗	1	6	-720	-936	-1152	-1368	-1584	3	1
138	大师坚韧之盾	大量增加战士物抗	1	6	-900	-1170	-1440	-1710	-1980	4	1
139	宗师坚韧之盾	巨量增加战士物抗	1	6	-1080	-1404	-1728	-2052	-2376	5	1
140	初级危机感应	微量增加战士韧性	1	9	360	468	576	684	792	1	1
141	中级危机感应	少量增加战士韧性	1	9	540	702	864	1026	1188	2	1
142	高级危机感应	中量增加战士韧性	1	9	720	936	1152	1368	1584	3	1
143	大师危机感应	大量增加战士韧性	1	9	900	1170	1440	1710	1980	4	1
144	宗师危机感应	巨量增加战士韧性	1	9	1080	1404	1728	2052	2376	5	1
145	初级血之气息	微量增加战士被治疗	1	8	720	936	1152	1368	1584	1	1
146	中级血之气息	少量增加战士被治疗	1	8	1080	1404	1728	2052	2376	2	1
147	高级血之气息	中量增加战士被治疗	1	8	1440	1872	2304	2736	3168	3	1
148	大师血之气息	大量增加战士被治疗	1	8	1800	2340	2880	3420	3960	4	1
149	宗师血之气息	巨量增加战士被治疗	1	8	2160	2808	3456	4104	4752	5	1
150		微量增加战士0	1	0	720	936	1152	1368	1584	1	1
151		少量增加战士0	1	0	1080	1404	1728	2052	2376	2	1
152		中量增加战士0	1	0	1440	1872	2304	2736	3168	3	1
153		大量增加战士0	1	0	1800	2340	2880	3420	3960	4	1
154		巨量增加战士0	1	0	2160	2808	3456	4104	4752	5	1
155		微量增加战士0	1	0	720	936	1152	1368	1584	1	1
156		少量增加战士0	1	0	1080	1404	1728	2052	2376	2	1
157		中量增加战士0	1	0	1440	1872	2304	2736	3168	3	1
158		大量增加战士0	1	0	1800	2340	2880	3420	3960	4	1
159		巨量增加战士0	1	0	2160	2808	3456	4104	4752	5	1
160		微量增加战士0	1	0	720	936	1152	1368	1584	1	1
161		少量增加战士0	1	0	1080	1404	1728	2052	2376	2	1
162		中量增加战士0	1	0	1440	1872	2304	2736	3168	3	1
163		大量增加战士0	1	0	1800	2340	2880	3420	3960	4	1
164		巨量增加战士0	1	0	2160	2808	3456	4104	4752	5	1
165		微量增加战士0	1	0	720	936	1152	1368	1584	1	1
166		少量增加战士0	1	0	1080	1404	1728	2052	2376	2	1
167		中量增加战士0	1	0	1440	1872	2304	2736	3168	3	1
168		大量增加战士0	1	0	1800	2340	2880	3420	3960	4	1
169		巨量增加战士0	1	0	2160	2808	3456	4104	4752	5	1
170		微量增加战士0	1	0	720	936	1152	1368	1584	1	1
171		少量增加战士0	1	0	1080	1404	1728	2052	2376	2	1
172		中量增加战士0	1	0	1440	1872	2304	2736	3168	3	1
173		大量增加战士0	1	0	1800	2340	2880	3420	3960	4	1
174		巨量增加战士0	1	0	2160	2808	3456	4104	4752	5	1
175		微量增加战士0	1	0	720	936	1152	1368	1584	1	1
176		少量增加战士0	1	0	1080	1404	1728	2052	2376	2	1
177		中量增加战士0	1	0	1440	1872	2304	2736	3168	3	1
178		大量增加战士0	1	0	1800	2340	2880	3420	3960	4	1
179		巨量增加战士0	1	0	2160	2808	3456	4104	4752	5	1
180		微量增加战士0	1	0	720	936	1152	1368	1584	1	1
181		少量增加战士0	1	0	1080	1404	1728	2052	2376	2	1
182		中量增加战士0	1	0	1440	1872	2304	2736	3168	3	1
183		大量增加战士0	1	0	1800	2340	2880	3420	3960	4	1
184		巨量增加战士0	1	0	2160	2808	3456	4104	4752	5	1
185		微量增加战士0	1	0	720	936	1152	1368	1584	1	1
186		少量增加战士0	1	0	1080	1404	1728	2052	2376	2	1
187		中量增加战士0	1	0	1440	1872	2304	2736	3168	3	1
188		大量增加战士0	1	0	1800	2340	2880	3420	3960	4	1
189		巨量增加战士0	1	0	2160	2808	3456	4104	4752	5	1
190		微量增加战士0	1	0	720	936	1152	1368	1584	1	1
191		少量增加战士0	1	0	1080	1404	1728	2052	2376	2	1
192		中量增加战士0	1	0	1440	1872	2304	2736	3168	3	1
193		大量增加战士0	1	0	1800	2340	2880	3420	3960	4	1
194		巨量增加战士0	1	0	2160	2808	3456	4104	4752	5	1
195		微量增加战士0	1	0	720	936	1152	1368	1584	1	1
196		少量增加战士0	1	0	1080	1404	1728	2052	2376	2	1
197		中量增加战士0	1	0	1440	1872	2304	2736	3168	3	1
198		大量增加战士0	1	0	1800	2340	2880	3420	3960	4	1
199		巨量增加战士0	1	0	2160	2808	3456	4104	4752	5	1
200	初级制裁之拳	微量增加骑士物攻伤害	2	3	360	468	576	684	792	1	1
201	中级制裁之拳	少量增加骑士物攻伤害	2	3	540	702	864	1026	1188	2	1
202	高级制裁之拳	中量增加骑士物攻伤害	2	3	720	936	1152	1368	1584	3	1
203	大师制裁之拳	大量增加骑士物攻伤害	2	3	900	1170	1440	1710	1980	4	1
204	宗师制裁之拳	巨量增加骑士物攻伤害	2	3	1080	1404	1728	2052	2376	5	1
205	初级守护打击	微量增加骑士法攻伤害	2	4	360	468	576	684	792	1	1
206	中级守护打击	少量增加骑士法攻伤害	2	4	540	702	864	1026	1188	2	1
207	高级守护打击	中量增加骑士法攻伤害	2	4	720	936	1152	1368	1584	3	1
208	大师守护打击	大量增加骑士法攻伤害	2	4	900	1170	1440	1710	1980	4	1
209	宗师守护打击	巨量增加骑士法攻伤害	2	4	1080	1404	1728	2052	2376	5	1
210	初级祝福之光	微量增加骑士治疗效果	2	5	360	468	576	684	792	1	1
211	中级祝福之光	少量增加骑士治疗效果	2	5	540	702	864	1026	1188	2	1
212	高级祝福之光	中量增加骑士治疗效果	2	5	720	936	1152	1368	1584	3	1
213	大师祝福之光	大量增加骑士治疗效果	2	5	900	1170	1440	1710	1980	4	1
214	宗师祝福之光	巨量增加骑士治疗效果	2	5	1080	1404	1728	2052	2376	5	1
215	初级圣洁之火	微量增加骑士暴击几率	2	0	360	468	576	684	792	1	1
216	中级圣洁之火	少量增加骑士暴击几率	2	0	540	702	864	1026	1188	2	1
217	高级圣洁之火	中量增加骑士暴击几率	2	0	720	936	1152	1368	1584	3	1
218	大师圣洁之火	大量增加骑士暴击几率	2	0	900	1170	1440	1710	1980	4	1
219	宗师圣洁之火	巨量增加骑士暴击几率	2	0	1080	1404	1728	2052	2376	5	1
220	初级真实之眼	微量增加骑士命中几率	2	1	360	468	576	684	792	1	1
221	中级真实之眼	少量增加骑士命中几率	2	1	540	702	864	1026	1188	2	1
222	高级真实之眼	中量增加骑士命中几率	2	1	720	936	1152	1368	1584	3	1
223	大师真实之眼	大量增加骑士命中几率	2	1	900	1170	1440	1710	1980	4	1
224	宗师真实之眼	巨量增加骑士命中几率	2	1	1080	1404	1728	2052	2376	5	1
225	初级圣光之速	微量增加骑士闪避几率	2	2	288	374.4	460.8	547.2	633.6	1	1
226	中级圣光之速	少量增加骑士闪避几率	2	2	432	561.6	691.2	820.8	950.4	2	1
227	高级圣光之速	中量增加骑士闪避几率	2	2	576	748.8	921.6	1094.4	1267.2	3	1
228	大师圣光之速	大量增加骑士闪避几率	2	2	720	936	1152	1368	1584	4	1
229	宗师圣光之速	巨量增加骑士闪避几率	2	2	864	1123.2	1382.4	1641.6	1900.8	5	1
230	初级骑士之誓	微量增加骑士法抗	2	7	-360	-468	-576	-684	-792	1	1
231	中级骑士之誓	少量增加骑士法抗	2	7	-540	-702	-864	-1026	-1188	2	1
232	高级骑士之誓	中量增加骑士法抗	2	7	-720	-936	-1152	-1368	-1584	3	1
233	大师骑士之誓	大量增加骑士法抗	2	7	-900	-1170	-1440	-1710	-1980	4	1
234	宗师骑士之誓	巨量增加骑士法抗	2	7	-1080	-1404	-1728	-2052	-2376	5	1
235	初级神圣护盾	微量增加骑士物抗	2	6	-360	-468	-576	-684	-792	1	1
236	中级神圣护盾	少量增加骑士物抗	2	6	-540	-702	-864	-1026	-1188	2	1
237	高级神圣护盾	中量增加骑士物抗	2	6	-720	-936	-1152	-1368	-1584	3	1
238	大师神圣护盾	大量增加骑士物抗	2	6	-900	-1170	-1440	-1710	-1980	4	1
239	宗师神圣护盾	巨量增加骑士物抗	2	6	-1080	-1404	-1728	-2052	-2376	5	1
240	初级神圣洞察	微量增加骑士韧性	2	9	360	468	576	684	792	1	1
241	中级神圣洞察	少量增加骑士韧性	2	9	540	702	864	1026	1188	2	1
242	高级神圣洞察	中量增加骑士韧性	2	9	720	936	1152	1368	1584	3	1
243	大师神圣洞察	大量增加骑士韧性	2	9	900	1170	1440	1710	1980	4	1
244	宗师神圣洞察	巨量增加骑士韧性	2	9	1080	1404	1728	2052	2376	5	1
245	初级圣光灌注	微量增加骑士被治疗	2	8	720	936	1152	1368	1584	1	1
246	中级圣光灌注	少量增加骑士被治疗	2	8	1080	1404	1728	2052	2376	2	1
247	高级圣光灌注	中量增加骑士被治疗	2	8	1440	1872	2304	2736	3168	3	1
248	大师圣光灌注	大量增加骑士被治疗	2	8	1800	2340	2880	3420	3960	4	1
249	宗师圣光灌注	巨量增加骑士被治疗	2	8	2160	2808	3456	4104	4752	5	1
250		微量增加骑士0	2	0	720	936	1152	1368	1584	1	1
251		少量增加骑士0	2	0	1080	1404	1728	2052	2376	2	1
252		中量增加骑士0	2	0	1440	1872	2304	2736	3168	3	1
253		大量增加骑士0	2	0	1800	2340	2880	3420	3960	4	1
254		巨量增加骑士0	2	0	2160	2808	3456	4104	4752	5	1
255		微量增加骑士0	2	0	720	936	1152	1368	1584	1	1
256		少量增加骑士0	2	0	1080	1404	1728	2052	2376	2	1
257		中量增加骑士0	2	0	1440	1872	2304	2736	3168	3	1
258		大量增加骑士0	2	0	1800	2340	2880	3420	3960	4	1
259		巨量增加骑士0	2	0	2160	2808	3456	4104	4752	5	1
260		微量增加骑士0	2	0	720	936	1152	1368	1584	1	1
261		少量增加骑士0	2	0	1080	1404	1728	2052	2376	2	1
262		中量增加骑士0	2	0	1440	1872	2304	2736	3168	3	1
263		大量增加骑士0	2	0	1800	2340	2880	3420	3960	4	1
264		巨量增加骑士0	2	0	2160	2808	3456	4104	4752	5	1
265		微量增加骑士0	2	0	720	936	1152	1368	1584	1	1
266		少量增加骑士0	2	0	1080	1404	1728	2052	2376	2	1
267		中量增加骑士0	2	0	1440	1872	2304	2736	3168	3	1
268		大量增加骑士0	2	0	1800	2340	2880	3420	3960	4	1
269		巨量增加骑士0	2	0	2160	2808	3456	4104	4752	5	1
270		微量增加骑士0	2	0	720	936	1152	1368	1584	1	1
271		少量增加骑士0	2	0	1080	1404	1728	2052	2376	2	1
272		中量增加骑士0	2	0	1440	1872	2304	2736	3168	3	1
273		大量增加骑士0	2	0	1800	2340	2880	3420	3960	4	1
274		巨量增加骑士0	2	0	2160	2808	3456	4104	4752	5	1
275		微量增加骑士0	2	0	720	936	1152	1368	1584	1	1
276		少量增加骑士0	2	0	1080	1404	1728	2052	2376	2	1
277		中量增加骑士0	2	0	1440	1872	2304	2736	3168	3	1
278		大量增加骑士0	2	0	1800	2340	2880	3420	3960	4	1
279		巨量增加骑士0	2	0	2160	2808	3456	4104	4752	5	1
280		微量增加骑士0	2	0	720	936	1152	1368	1584	1	1
281		少量增加骑士0	2	0	1080	1404	1728	2052	2376	2	1
282		中量增加骑士0	2	0	1440	1872	2304	2736	3168	3	1
283		大量增加骑士0	2	0	1800	2340	2880	3420	3960	4	1
284		巨量增加骑士0	2	0	2160	2808	3456	4104	4752	5	1
285		微量增加骑士0	2	0	720	936	1152	1368	1584	1	1
286		少量增加骑士0	2	0	1080	1404	1728	2052	2376	2	1
287		中量增加骑士0	2	0	1440	1872	2304	2736	3168	3	1
288		大量增加骑士0	2	0	1800	2340	2880	3420	3960	4	1
289		巨量增加骑士0	2	0	2160	2808	3456	4104	4752	5	1
290		微量增加骑士0	2	0	720	936	1152	1368	1584	1	1
291		少量增加骑士0	2	0	1080	1404	1728	2052	2376	2	1
292		中量增加骑士0	2	0	1440	1872	2304	2736	3168	3	1
293		大量增加骑士0	2	0	1800	2340	2880	3420	3960	4	1
294		巨量增加骑士0	2	0	2160	2808	3456	4104	4752	5	1
295		微量增加骑士0	2	0	720	936	1152	1368	1584	1	1
296		少量增加骑士0	2	0	1080	1404	1728	2052	2376	2	1
297		中量增加骑士0	2	0	1440	1872	2304	2736	3168	3	1
298		大量增加骑士0	2	0	1800	2340	2880	3420	3960	4	1
299		巨量增加骑士0	2	0	2160	2808	3456	4104	4752	5	1
300	初级英勇图腾	微量增加萨满物攻伤害	3	3	360	468	576	684	792	1	1
301	中级英勇图腾	少量增加萨满物攻伤害	3	3	540	702	864	1026	1188	2	1
302	高级英勇图腾	中量增加萨满物攻伤害	3	3	720	936	1152	1368	1584	3	1
303	大师英勇图腾	大量增加萨满物攻伤害	3	3	900	1170	1440	1710	1980	4	1
304	宗师英勇图腾	巨量增加萨满物攻伤害	3	3	1080	1404	1728	2052	2376	5	1
305	初级魔能掌控	微量增加萨满法攻伤害	3	4	360	468	576	684	792	1	1
306	中级魔能掌控	少量增加萨满法攻伤害	3	4	540	702	864	1026	1188	2	1
307	高级魔能掌控	中量增加萨满法攻伤害	3	4	720	936	1152	1368	1584	3	1
308	大师魔能掌控	大量增加萨满法攻伤害	3	4	900	1170	1440	1710	1980	4	1
309	宗师魔能掌控	巨量增加萨满法攻伤害	3	4	1080	1404	1728	2052	2376	5	1
310	初级治疗之潮	微量增加萨满治疗效果	3	5	360	468	576	684	792	1	1
311	中级治疗之潮	少量增加萨满治疗效果	3	5	540	702	864	1026	1188	2	1
312	高级治疗之潮	中量增加萨满治疗效果	3	5	720	936	1152	1368	1584	3	1
313	大师治疗之潮	大量增加萨满治疗效果	3	5	900	1170	1440	1710	1980	4	1
314	宗师治疗之潮	巨量增加萨满治疗效果	3	5	1080	1404	1728	2052	2376	5	1
315	初级元素冲击	微量增加萨满暴击几率	3	0	360	468	576	684	792	1	1
316	中级元素冲击	少量增加萨满暴击几率	3	0	540	702	864	1026	1188	2	1
317	高级元素冲击	中量增加萨满暴击几率	3	0	720	936	1152	1368	1584	3	1
318	大师元素冲击	大量增加萨满暴击几率	3	0	900	1170	1440	1710	1980	4	1
319	宗师元素冲击	巨量增加萨满暴击几率	3	0	1080	1404	1728	2052	2376	5	1
320	初级图腾指引	微量增加萨满命中几率	3	1	360	468	576	684	792	1	1
321	中级图腾指引	少量增加萨满命中几率	3	1	540	702	864	1026	1188	2	1
322	高级图腾指引	中量增加萨满命中几率	3	1	720	936	1152	1368	1584	3	1
323	大师图腾指引	大量增加萨满命中几率	3	1	900	1170	1440	1710	1980	4	1
324	宗师图腾指引	巨量增加萨满命中几率	3	1	1080	1404	1728	2052	2376	5	1
325	初级风行图腾	微量增加萨满闪避几率	3	2	288	374.4	460.8	547.2	633.6	1	1
326	中级风行图腾	少量增加萨满闪避几率	3	2	432	561.6	691.2	820.8	950.4	2	1
327	高级风行图腾	中量增加萨满闪避几率	3	2	576	748.8	921.6	1094.4	1267.2	3	1
328	大师风行图腾	大量增加萨满闪避几率	3	2	720	936	1152	1368	1584	4	1
329	宗师风行图腾	巨量增加萨满闪避几率	3	2	864	1123.2	1382.4	1641.6	1900.8	5	1
330	初级元素掌握	微量增加萨满法抗	3	7	-360	-468	-576	-684	-792	1	1
331	中级元素掌握	少量增加萨满法抗	3	7	-540	-702	-864	-1026	-1188	2	1
332	高级元素掌握	中量增加萨满法抗	3	7	-720	-936	-1152	-1368	-1584	3	1
333	大师元素掌握	大量增加萨满法抗	3	7	-900	-1170	-1440	-1710	-1980	4	1
334	宗师元素掌握	巨量增加萨满法抗	3	7	-1080	-1404	-1728	-2052	-2376	5	1
335	初级守护图腾	微量增加萨满物抗	3	6	-360	-468	-576	-684	-792	1	1
336	中级守护图腾	少量增加萨满物抗	3	6	-540	-702	-864	-1026	-1188	2	1
337	高级守护图腾	中量增加萨满物抗	3	6	-720	-936	-1152	-1368	-1584	3	1
338	大师守护图腾	大量增加萨满物抗	3	6	-900	-1170	-1440	-1710	-1980	4	1
339	宗师守护图腾	巨量增加萨满物抗	3	6	-1080	-1404	-1728	-2052	-2376	5	1
340	初级特异体质	微量增加萨满韧性	3	9	360	468	576	684	792	1	1
341	中级特异体质	少量增加萨满韧性	3	9	540	702	864	1026	1188	2	1
342	高级特异体质	中量增加萨满韧性	3	9	720	936	1152	1368	1584	3	1
343	大师特异体质	大量增加萨满韧性	3	9	900	1170	1440	1710	1980	4	1
344	宗师特异体质	巨量增加萨满韧性	3	9	1080	1404	1728	2052	2376	5	1
345	初级复生图腾	微量增加萨满被治疗	3	8	720	936	1152	1368	1584	1	1
346	中级复生图腾	少量增加萨满被治疗	3	8	1080	1404	1728	2052	2376	2	1
347	高级复生图腾	中量增加萨满被治疗	3	8	1440	1872	2304	2736	3168	3	1
348	大师复生图腾	大量增加萨满被治疗	3	8	1800	2340	2880	3420	3960	4	1
349	宗师复生图腾	巨量增加萨满被治疗	3	8	2160	2808	3456	4104	4752	5	1
350		微量增加萨满0	3	0	720	936	1152	1368	1584	1	1
351		少量增加萨满0	3	0	1080	1404	1728	2052	2376	2	1
352		中量增加萨满0	3	0	1440	1872	2304	2736	3168	3	1
353		大量增加萨满0	3	0	1800	2340	2880	3420	3960	4	1
354		巨量增加萨满0	3	0	2160	2808	3456	4104	4752	5	1
355		微量增加萨满0	3	0	720	936	1152	1368	1584	1	1
356		少量增加萨满0	3	0	1080	1404	1728	2052	2376	2	1
357		中量增加萨满0	3	0	1440	1872	2304	2736	3168	3	1
358		大量增加萨满0	3	0	1800	2340	2880	3420	3960	4	1
359		巨量增加萨满0	3	0	2160	2808	3456	4104	4752	5	1
360		微量增加萨满0	3	0	720	936	1152	1368	1584	1	1
361		少量增加萨满0	3	0	1080	1404	1728	2052	2376	2	1
362		中量增加萨满0	3	0	1440	1872	2304	2736	3168	3	1
363		大量增加萨满0	3	0	1800	2340	2880	3420	3960	4	1
364		巨量增加萨满0	3	0	2160	2808	3456	4104	4752	5	1
365		微量增加萨满0	3	0	720	936	1152	1368	1584	1	1
366		少量增加萨满0	3	0	1080	1404	1728	2052	2376	2	1
367		中量增加萨满0	3	0	1440	1872	2304	2736	3168	3	1
368		大量增加萨满0	3	0	1800	2340	2880	3420	3960	4	1
369		巨量增加萨满0	3	0	2160	2808	3456	4104	4752	5	1
370		微量增加萨满0	3	0	720	936	1152	1368	1584	1	1
371		少量增加萨满0	3	0	1080	1404	1728	2052	2376	2	1
372		中量增加萨满0	3	0	1440	1872	2304	2736	3168	3	1
373		大量增加萨满0	3	0	1800	2340	2880	3420	3960	4	1
374		巨量增加萨满0	3	0	2160	2808	3456	4104	4752	5	1
375		微量增加萨满0	3	0	720	936	1152	1368	1584	1	1
376		少量增加萨满0	3	0	1080	1404	1728	2052	2376	2	1
377		中量增加萨满0	3	0	1440	1872	2304	2736	3168	3	1
378		大量增加萨满0	3	0	1800	2340	2880	3420	3960	4	1
379		巨量增加萨满0	3	0	2160	2808	3456	4104	4752	5	1
380		微量增加萨满0	3	0	720	936	1152	1368	1584	1	1
381		少量增加萨满0	3	0	1080	1404	1728	2052	2376	2	1
382		中量增加萨满0	3	0	1440	1872	2304	2736	3168	3	1
383		大量增加萨满0	3	0	1800	2340	2880	3420	3960	4	1
384		巨量增加萨满0	3	0	2160	2808	3456	4104	4752	5	1
385		微量增加萨满0	3	0	720	936	1152	1368	1584	1	1
386		少量增加萨满0	3	0	1080	1404	1728	2052	2376	2	1
387		中量增加萨满0	3	0	1440	1872	2304	2736	3168	3	1
388		大量增加萨满0	3	0	1800	2340	2880	3420	3960	4	1
389		巨量增加萨满0	3	0	2160	2808	3456	4104	4752	5	1
390		微量增加萨满0	3	0	720	936	1152	1368	1584	1	1
391		少量增加萨满0	3	0	1080	1404	1728	2052	2376	2	1
392		中量增加萨满0	3	0	1440	1872	2304	2736	3168	3	1
393		大量增加萨满0	3	0	1800	2340	2880	3420	3960	4	1
394		巨量增加萨满0	3	0	2160	2808	3456	4104	4752	5	1
395		微量增加萨满0	3	0	720	936	1152	1368	1584	1	1
396		少量增加萨满0	3	0	1080	1404	1728	2052	2376	2	1
397		中量增加萨满0	3	0	1440	1872	2304	2736	3168	3	1
398		大量增加萨满0	3	0	1800	2340	2880	3420	3960	4	1
399		巨量增加萨满0	3	0	2160	2808	3456	4104	4752	5	1
400	初级杀戮射击	微量增加猎人物攻伤害	4	3	360	468	576	684	792	1	1
401	中级杀戮射击	少量增加猎人物攻伤害	4	3	540	702	864	1026	1188	2	1
402	高级杀戮射击	中量增加猎人物攻伤害	4	3	720	936	1152	1368	1584	3	1
403	大师杀戮射击	大量增加猎人物攻伤害	4	3	900	1170	1440	1710	1980	4	1
404	宗师杀戮射击	巨量增加猎人物攻伤害	4	3	1080	1404	1728	2052	2376	5	1
405	初级奥术射击	微量增加猎人法攻伤害	4	4	360	468	576	684	792	1	1
406	中级奥术射击	少量增加猎人法攻伤害	4	4	540	702	864	1026	1188	2	1
407	高级奥术射击	中量增加猎人法攻伤害	4	4	720	936	1152	1368	1584	3	1
408	大师奥术射击	大量增加猎人法攻伤害	4	4	900	1170	1440	1710	1980	4	1
409	宗师奥术射击	巨量增加猎人法攻伤害	4	4	1080	1404	1728	2052	2376	5	1
410	初级紧急治疗	微量增加猎人治疗效果	4	5	360	468	576	684	792	1	1
411	中级紧急治疗	少量增加猎人治疗效果	4	5	540	702	864	1026	1188	2	1
412	高级紧急治疗	中量增加猎人治疗效果	4	5	720	936	1152	1368	1584	3	1
413	大师紧急治疗	大量增加猎人治疗效果	4	5	900	1170	1440	1710	1980	4	1
414	宗师紧急治疗	巨量增加猎人治疗效果	4	5	1080	1404	1728	2052	2376	5	1
415	初级闪现突击	微量增加猎人暴击几率	4	0	360	468	576	684	792	1	1
416	中级闪现突击	少量增加猎人暴击几率	4	0	540	702	864	1026	1188	2	1
417	高级闪现突击	中量增加猎人暴击几率	4	0	720	936	1152	1368	1584	3	1
418	大师闪现突击	大量增加猎人暴击几率	4	0	900	1170	1440	1710	1980	4	1
419	宗师闪现突击	巨量增加猎人暴击几率	4	0	1080	1404	1728	2052	2376	5	1
420	初级瞄准技巧	微量增加猎人命中几率	4	1	360	468	576	684	792	1	1
421	中级瞄准技巧	少量增加猎人命中几率	4	1	540	702	864	1026	1188	2	1
422	高级瞄准技巧	中量增加猎人命中几率	4	1	720	936	1152	1368	1584	3	1
423	大师瞄准技巧	大量增加猎人命中几率	4	1	900	1170	1440	1710	1980	4	1
424	宗师瞄准技巧	巨量增加猎人命中几率	4	1	1080	1404	1728	2052	2376	5	1
425	初级战斗感应	微量增加猎人闪避几率	4	2	288	374.4	460.8	547.2	633.6	1	1
426	中级战斗感应	少量增加猎人闪避几率	4	2	432	561.6	691.2	820.8	950.4	2	1
427	高级战斗感应	中量增加猎人闪避几率	4	2	576	748.8	921.6	1094.4	1267.2	3	1
428	大师战斗感应	大量增加猎人闪避几率	4	2	720	936	1152	1368	1584	4	1
429	宗师战斗感应	巨量增加猎人闪避几率	4	2	864	1123.2	1382.4	1641.6	1900.8	5	1
430	初级野兽守护	微量增加猎人法抗	4	7	-360	-468	-576	-684	-792	1	1
431	中级野兽守护	少量增加猎人法抗	4	7	-540	-702	-864	-1026	-1188	2	1
432	高级野兽守护	中量增加猎人法抗	4	7	-720	-936	-1152	-1368	-1584	3	1
433	大师野兽守护	大量增加猎人法抗	4	7	-900	-1170	-1440	-1710	-1980	4	1
434	宗师野兽守护	巨量增加猎人法抗	4	7	-1080	-1404	-1728	-2052	-2376	5	1
435	初级铁鹰守护	微量增加猎人物抗	4	6	-360	-468	-576	-684	-792	1	1
436	中级铁鹰守护	少量增加猎人物抗	4	6	-540	-702	-864	-1026	-1188	2	1
437	高级铁鹰守护	中量增加猎人物抗	4	6	-720	-936	-1152	-1368	-1584	3	1
438	大师铁鹰守护	大量增加猎人物抗	4	6	-900	-1170	-1440	-1710	-1980	4	1
439	宗师铁鹰守护	巨量增加猎人物抗	4	6	-1080	-1404	-1728	-2052	-2376	5	1
440	初级铁鹰守护	微量增加猎人韧性	4	9	360	468	576	684	792	1	1
441	中级猎豹守护	少量增加猎人韧性	4	9	540	702	864	1026	1188	2	1
442	高级猎豹守护	中量增加猎人韧性	4	9	720	936	1152	1368	1584	3	1
443	大师猎豹守护	大量增加猎人韧性	4	9	900	1170	1440	1710	1980	4	1
444	宗师猎豹守护	巨量增加猎人韧性	4	9	1080	1404	1728	2052	2376	5	1
445	初级野兽之心	微量增加猎人被治疗	4	8	720	936	1152	1368	1584	1	1
446	中级野兽之心	少量增加猎人被治疗	4	8	1080	1404	1728	2052	2376	2	1
447	高级野兽之心	中量增加猎人被治疗	4	8	1440	1872	2304	2736	3168	3	1
448	大师野兽之心	大量增加猎人被治疗	4	8	1800	2340	2880	3420	3960	4	1
449	宗师野兽之心	巨量增加猎人被治疗	4	8	2160	2808	3456	4104	4752	5	1
450		微量增加猎人0	4	0	720	936	1152	1368	1584	1	1
451		少量增加猎人0	4	0	1080	1404	1728	2052	2376	2	1
452		中量增加猎人0	4	0	1440	1872	2304	2736	3168	3	1
453		大量增加猎人0	4	0	1800	2340	2880	3420	3960	4	1
454		巨量增加猎人0	4	0	2160	2808	3456	4104	4752	5	1
455		微量增加猎人0	4	0	720	936	1152	1368	1584	1	1
456		少量增加猎人0	4	0	1080	1404	1728	2052	2376	2	1
457		中量增加猎人0	4	0	1440	1872	2304	2736	3168	3	1
458		大量增加猎人0	4	0	1800	2340	2880	3420	3960	4	1
459		巨量增加猎人0	4	0	2160	2808	3456	4104	4752	5	1
460		微量增加猎人0	4	0	720	936	1152	1368	1584	1	1
461		少量增加猎人0	4	0	1080	1404	1728	2052	2376	2	1
462		中量增加猎人0	4	0	1440	1872	2304	2736	3168	3	1
463		大量增加猎人0	4	0	1800	2340	2880	3420	3960	4	1
464		巨量增加猎人0	4	0	2160	2808	3456	4104	4752	5	1
465		微量增加猎人0	4	0	720	936	1152	1368	1584	1	1
466		少量增加猎人0	4	0	1080	1404	1728	2052	2376	2	1
467		中量增加猎人0	4	0	1440	1872	2304	2736	3168	3	1
468		大量增加猎人0	4	0	1800	2340	2880	3420	3960	4	1
469		巨量增加猎人0	4	0	2160	2808	3456	4104	4752	5	1
470		微量增加猎人0	4	0	720	936	1152	1368	1584	1	1
471		少量增加猎人0	4	0	1080	1404	1728	2052	2376	2	1
472		中量增加猎人0	4	0	1440	1872	2304	2736	3168	3	1
473		大量增加猎人0	4	0	1800	2340	2880	3420	3960	4	1
474		巨量增加猎人0	4	0	2160	2808	3456	4104	4752	5	1
475		微量增加猎人0	4	0	720	936	1152	1368	1584	1	1
476		少量增加猎人0	4	0	1080	1404	1728	2052	2376	2	1
477		中量增加猎人0	4	0	1440	1872	2304	2736	3168	3	1
478		大量增加猎人0	4	0	1800	2340	2880	3420	3960	4	1
479		巨量增加猎人0	4	0	2160	2808	3456	4104	4752	5	1
480		微量增加猎人0	4	0	720	936	1152	1368	1584	1	1
481		少量增加猎人0	4	0	1080	1404	1728	2052	2376	2	1
482		中量增加猎人0	4	0	1440	1872	2304	2736	3168	3	1
483		大量增加猎人0	4	0	1800	2340	2880	3420	3960	4	1
484		巨量增加猎人0	4	0	2160	2808	3456	4104	4752	5	1
485		微量增加猎人0	4	0	720	936	1152	1368	1584	1	1
486		少量增加猎人0	4	0	1080	1404	1728	2052	2376	2	1
487		中量增加猎人0	4	0	1440	1872	2304	2736	3168	3	1
488		大量增加猎人0	4	0	1800	2340	2880	3420	3960	4	1
489		巨量增加猎人0	4	0	2160	2808	3456	4104	4752	5	1
490		微量增加猎人0	4	0	720	936	1152	1368	1584	1	1
491		少量增加猎人0	4	0	1080	1404	1728	2052	2376	2	1
492		中量增加猎人0	4	0	1440	1872	2304	2736	3168	3	1
493		大量增加猎人0	4	0	1800	2340	2880	3420	3960	4	1
494		巨量增加猎人0	4	0	2160	2808	3456	4104	4752	5	1
495		微量增加猎人0	4	0	720	936	1152	1368	1584	1	1
496		少量增加猎人0	4	0	1080	1404	1728	2052	2376	2	1
497		中量增加猎人0	4	0	1440	1872	2304	2736	3168	3	1
498		大量增加猎人0	4	0	1800	2340	2880	3420	3960	4	1
499		巨量增加猎人0	4	0	2160	2808	3456	4104	4752	5	1
500	初级暗影之刃	微量增加盗贼物攻伤害	5	3	360	468	576	684	792	1	1
501	中级暗影之刃	少量增加盗贼物攻伤害	5	3	540	702	864	1026	1188	2	1
502	高级暗影之刃	中量增加盗贼物攻伤害	5	3	720	936	1152	1368	1584	3	1
503	大师暗影之刃	大量增加盗贼物攻伤害	5	3	900	1170	1440	1710	1980	4	1
504	宗师暗影之刃	巨量增加盗贼物攻伤害	5	3	1080	1404	1728	2052	2376	5	1
505	初级幻影之刃	微量增加盗贼法攻伤害	5	4	360	468	576	684	792	1	1
506	中级幻影之刃	少量增加盗贼法攻伤害	5	4	540	702	864	1026	1188	2	1
507	高级幻影之刃	中量增加盗贼法攻伤害	5	4	720	936	1152	1368	1584	3	1
508	大师幻影之刃	大量增加盗贼法攻伤害	5	4	900	1170	1440	1710	1980	4	1
509	宗师幻影之刃	巨量增加盗贼法攻伤害	5	4	1080	1404	1728	2052	2376	5	1
510	初级回复药膏	微量增加盗贼治疗效果	5	5	360	468	576	684	792	1	1
511	中级回复药膏	少量增加盗贼治疗效果	5	5	540	702	864	1026	1188	2	1
512	高级回复药膏	中量增加盗贼治疗效果	5	5	720	936	1152	1368	1584	3	1
513	大师回复药膏	大量增加盗贼治疗效果	5	5	900	1170	1440	1710	1980	4	1
514	宗师回复药膏	巨量增加盗贼治疗效果	5	5	1080	1404	1728	2052	2376	5	1
515	初级愤怒一击	微量增加盗贼暴击几率	5	0	360	468	576	684	792	1	1
516	中级愤怒一击	少量增加盗贼暴击几率	5	0	540	702	864	1026	1188	2	1
517	高级愤怒一击	中量增加盗贼暴击几率	5	0	720	936	1152	1368	1584	3	1
518	大师愤怒一击	大量增加盗贼暴击几率	5	0	900	1170	1440	1710	1980	4	1
519	宗师愤怒一击	巨量增加盗贼暴击几率	5	0	1080	1404	1728	2052	2376	5	1
520	初级迅刃之黠	微量增加盗贼命中几率	5	1	360	468	576	684	792	1	1
521	中级迅刃之黠	少量增加盗贼命中几率	5	1	540	702	864	1026	1188	2	1
522	高级迅刃之黠	中量增加盗贼命中几率	5	1	720	936	1152	1368	1584	3	1
523	大师迅刃之黠	大量增加盗贼命中几率	5	1	900	1170	1440	1710	1980	4	1
524	宗师迅刃之黠	巨量增加盗贼命中几率	5	1	1080	1404	1728	2052	2376	5	1
525	初级盗贼之影	微量增加盗贼闪避几率	5	2	288	374.4	460.8	547.2	633.6	1	1
526	中级盗贼之影	少量增加盗贼闪避几率	5	2	432	561.6	691.2	820.8	950.4	2	1
527	高级盗贼之影	中量增加盗贼闪避几率	5	2	576	748.8	921.6	1094.4	1267.2	3	1
528	大师盗贼之影	大量增加盗贼闪避几率	5	2	720	936	1152	1368	1584	4	1
529	宗师盗贼之影	巨量增加盗贼闪避几率	5	2	864	1123.2	1382.4	1641.6	1900.8	5	1
530	初级暗影斗篷	微量增加盗贼法抗	5	7	-360	-468	-576	-684	-792	1	1
531	中级暗影斗篷	少量增加盗贼法抗	5	7	-540	-702	-864	-1026	-1188	2	1
532	高级暗影斗篷	中量增加盗贼法抗	5	7	-720	-936	-1152	-1368	-1584	3	1
533	大师暗影斗篷	大量增加盗贼法抗	5	7	-900	-1170	-1440	-1710	-1980	4	1
534	宗师暗影斗篷	巨量增加盗贼法抗	5	7	-1080	-1404	-1728	-2052	-2376	5	1
535	初级皮甲专精	微量增加盗贼物抗	5	6	-360	-468	-576	-684	-792	1	1
536	中级皮甲专精	少量增加盗贼物抗	5	6	-540	-702	-864	-1026	-1188	2	1
537	高级皮甲专精	中量增加盗贼物抗	5	6	-720	-936	-1152	-1368	-1584	3	1
538	大师皮甲专精	大量增加盗贼物抗	5	6	-900	-1170	-1440	-1710	-1980	4	1
539	宗师皮甲专精	巨量增加盗贼物抗	5	6	-1080	-1404	-1728	-2052	-2376	5	1
540	初级潜伏帷幕	微量增加盗贼韧性	5	9	360	468	576	684	792	1	1
541	中级潜伏帷幕	少量增加盗贼韧性	5	9	540	702	864	1026	1188	2	1
542	高级潜伏帷幕	中量增加盗贼韧性	5	9	720	936	1152	1368	1584	3	1
543	大师潜伏帷幕	大量增加盗贼韧性	5	9	900	1170	1440	1710	1980	4	1
544	宗师潜伏帷幕	巨量增加盗贼韧性	5	9	1080	1404	1728	2052	2376	5	1
545	初级强效药膏	微量增加盗贼被治疗	5	8	720	936	1152	1368	1584	1	1
546	中级强效药膏	少量增加盗贼被治疗	5	8	1080	1404	1728	2052	2376	2	1
547	高级强效药膏	中量增加盗贼被治疗	5	8	1440	1872	2304	2736	3168	3	1
548	大师强效药膏	大量增加盗贼被治疗	5	8	1800	2340	2880	3420	3960	4	1
549	宗师强效药膏	巨量增加盗贼被治疗	5	8	2160	2808	3456	4104	4752	5	1
550		微量增加盗贼0	5	0	720	936	1152	1368	1584	1	1
551		少量增加盗贼0	5	0	1080	1404	1728	2052	2376	2	1
552		中量增加盗贼0	5	0	1440	1872	2304	2736	3168	3	1
553		大量增加盗贼0	5	0	1800	2340	2880	3420	3960	4	1
554		巨量增加盗贼0	5	0	2160	2808	3456	4104	4752	5	1
555		微量增加盗贼0	5	0	720	936	1152	1368	1584	1	1
556		少量增加盗贼0	5	0	1080	1404	1728	2052	2376	2	1
557		中量增加盗贼0	5	0	1440	1872	2304	2736	3168	3	1
558		大量增加盗贼0	5	0	1800	2340	2880	3420	3960	4	1
559		巨量增加盗贼0	5	0	2160	2808	3456	4104	4752	5	1
560		微量增加盗贼0	5	0	720	936	1152	1368	1584	1	1
561		少量增加盗贼0	5	0	1080	1404	1728	2052	2376	2	1
562		中量增加盗贼0	5	0	1440	1872	2304	2736	3168	3	1
563		大量增加盗贼0	5	0	1800	2340	2880	3420	3960	4	1
564		巨量增加盗贼0	5	0	2160	2808	3456	4104	4752	5	1
565		微量增加盗贼0	5	0	720	936	1152	1368	1584	1	1
566		少量增加盗贼0	5	0	1080	1404	1728	2052	2376	2	1
567		中量增加盗贼0	5	0	1440	1872	2304	2736	3168	3	1
568		大量增加盗贼0	5	0	1800	2340	2880	3420	3960	4	1
569		巨量增加盗贼0	5	0	2160	2808	3456	4104	4752	5	1
570		微量增加盗贼0	5	0	720	936	1152	1368	1584	1	1
571		少量增加盗贼0	5	0	1080	1404	1728	2052	2376	2	1
572		中量增加盗贼0	5	0	1440	1872	2304	2736	3168	3	1
573		大量增加盗贼0	5	0	1800	2340	2880	3420	3960	4	1
574		巨量增加盗贼0	5	0	2160	2808	3456	4104	4752	5	1
575		微量增加盗贼0	5	0	720	936	1152	1368	1584	1	1
576		少量增加盗贼0	5	0	1080	1404	1728	2052	2376	2	1
577		中量增加盗贼0	5	0	1440	1872	2304	2736	3168	3	1
578		大量增加盗贼0	5	0	1800	2340	2880	3420	3960	4	1
579		巨量增加盗贼0	5	0	2160	2808	3456	4104	4752	5	1
580		微量增加盗贼0	5	0	720	936	1152	1368	1584	1	1
581		少量增加盗贼0	5	0	1080	1404	1728	2052	2376	2	1
582		中量增加盗贼0	5	0	1440	1872	2304	2736	3168	3	1
583		大量增加盗贼0	5	0	1800	2340	2880	3420	3960	4	1
584		巨量增加盗贼0	5	0	2160	2808	3456	4104	4752	5	1
585		微量增加盗贼0	5	0	720	936	1152	1368	1584	1	1
586		少量增加盗贼0	5	0	1080	1404	1728	2052	2376	2	1
587		中量增加盗贼0	5	0	1440	1872	2304	2736	3168	3	1
588		大量增加盗贼0	5	0	1800	2340	2880	3420	3960	4	1
589		巨量增加盗贼0	5	0	2160	2808	3456	4104	4752	5	1
590		微量增加盗贼0	5	0	720	936	1152	1368	1584	1	1
591		少量增加盗贼0	5	0	1080	1404	1728	2052	2376	2	1
592		中量增加盗贼0	5	0	1440	1872	2304	2736	3168	3	1
593		大量增加盗贼0	5	0	1800	2340	2880	3420	3960	4	1
594		巨量增加盗贼0	5	0	2160	2808	3456	4104	4752	5	1
595		微量增加盗贼0	5	0	720	936	1152	1368	1584	1	1
596		少量增加盗贼0	5	0	1080	1404	1728	2052	2376	2	1
597		中量增加盗贼0	5	0	1440	1872	2304	2736	3168	3	1
598		大量增加盗贼0	5	0	1800	2340	2880	3420	3960	4	1
599		巨量增加盗贼0	5	0	2160	2808	3456	4104	4752	5	1
600	初级野性冲锋	微量增加小德物攻伤害	6	3	360	468	576	684	792	1	1
601	中级野性冲锋	少量增加小德物攻伤害	6	3	540	702	864	1026	1188	2	1
602	高级野性冲锋	中量增加小德物攻伤害	6	3	720	936	1152	1368	1584	3	1
603	大师野性冲锋	大量增加小德物攻伤害	6	3	900	1170	1440	1710	1980	4	1
604	宗师野性冲锋	巨量增加小德物攻伤害	6	3	1080	1404	1728	2052	2376	5	1
605	初级日月之蚀	微量增加小德法攻伤害	6	4	360	468	576	684	792	1	1
606	中级日月之蚀	少量增加小德法攻伤害	6	4	540	702	864	1026	1188	2	1
607	高级日月之蚀	中量增加小德法攻伤害	6	4	720	936	1152	1368	1584	3	1
608	大师日月之蚀	大量增加小德法攻伤害	6	4	900	1170	1440	1710	1980	4	1
609	宗师日月之蚀	巨量增加小德法攻伤害	6	4	1080	1404	1728	2052	2376	5	1
610	初级自然之力	微量增加小德治疗效果	6	5	360	468	576	684	792	1	1
611	中级自然之力	少量增加小德治疗效果	6	5	540	702	864	1026	1188	2	1
612	高级自然之力	中量增加小德治疗效果	6	5	720	936	1152	1368	1584	3	1
613	大师自然之力	大量增加小德治疗效果	6	5	900	1170	1440	1710	1980	4	1
614	宗师自然之力	巨量增加小德治疗效果	6	5	1080	1404	1728	2052	2376	5	1
615	初级野蛮之力	微量增加小德暴击几率	6	0	360	468	576	684	792	1	1
616	中级野蛮之力	少量增加小德暴击几率	6	0	540	702	864	1026	1188	2	1
617	高级野蛮之力	中量增加小德暴击几率	6	0	720	936	1152	1368	1584	3	1
618	大师野蛮之力	大量增加小德暴击几率	6	0	900	1170	1440	1710	1980	4	1
619	宗师野蛮之力	巨量增加小德暴击几率	6	0	1080	1404	1728	2052	2376	5	1
620	初级兽之迅捷	微量增加小德命中几率	6	1	360	468	576	684	792	1	1
621	中级兽之迅捷	少量增加小德命中几率	6	1	540	702	864	1026	1188	2	1
622	高级兽之迅捷	中量增加小德命中几率	6	1	720	936	1152	1368	1584	3	1
623	大师兽之迅捷	大量增加小德命中几率	6	1	900	1170	1440	1710	1980	4	1
624	宗师兽之迅捷	巨量增加小德命中几率	6	1	1080	1404	1728	2052	2376	5	1
625	初级野性位移	微量增加小德闪避几率	6	2	288	374.4	460.8	547.2	633.6	1	1
626	中级野性位移	少量增加小德闪避几率	6	2	432	561.6	691.2	820.8	950.4	2	1
627	高级野性位移	中量增加小德闪避几率	6	2	576	748.8	921.6	1094.4	1267.2	3	1
628	大师野性位移	大量增加小德闪避几率	6	2	720	936	1152	1368	1584	4	1
629	宗师野性位移	巨量增加小德闪避几率	6	2	864	1123.2	1382.4	1641.6	1900.8	5	1
630	初级自然守护	微量增加小德法抗	6	7	-360	-468	-576	-684	-792	1	1
631	中级自然守护	少量增加小德法抗	6	7	-540	-702	-864	-1026	-1188	2	1
632	高级自然守护	中量增加小德法抗	6	7	-720	-936	-1152	-1368	-1584	3	1
633	大师自然守护	大量增加小德法抗	6	7	-900	-1170	-1440	-1710	-1980	4	1
634	宗师自然守护	巨量增加小德法抗	6	7	-1080	-1404	-1728	-2052	-2376	5	1
635	初级野兽之体	微量增加小德物抗	6	6	-360	-468	-576	-684	-792	1	1
636	中级野兽之体	少量增加小德物抗	6	6	-540	-702	-864	-1026	-1188	2	1
637	高级野兽之体	中量增加小德物抗	6	6	-720	-936	-1152	-1368	-1584	3	1
638	大师野兽之体	大量增加小德物抗	6	6	-900	-1170	-1440	-1710	-1980	4	1
639	宗师野兽之体	巨量增加小德物抗	6	6	-1080	-1404	-1728	-2052	-2376	5	1
640	初级巨木之躯	微量增加小德韧性	6	9	360	468	576	684	792	1	1
641	中级巨木之躯	少量增加小德韧性	6	9	540	702	864	1026	1188	2	1
642	高级巨木之躯	中量增加小德韧性	6	9	720	936	1152	1368	1584	3	1
643	大师巨木之躯	大量增加小德韧性	6	9	900	1170	1440	1710	1980	4	1
644	宗师巨木之躯	巨量增加小德韧性	6	9	1080	1404	1728	2052	2376	5	1
645	初级生命之树	微量增加小德被治疗	6	8	720	936	1152	1368	1584	1	1
646	中级生命之树	少量增加小德被治疗	6	8	1080	1404	1728	2052	2376	2	1
647	高级生命之树	中量增加小德被治疗	6	8	1440	1872	2304	2736	3168	3	1
648	大师生命之树	大量增加小德被治疗	6	8	1800	2340	2880	3420	3960	4	1
649	宗师生命之树	巨量增加小德被治疗	6	8	2160	2808	3456	4104	4752	5	1
650		微量增加小德0	6	0	720	936	1152	1368	1584	1	1
651		少量增加小德0	6	0	1080	1404	1728	2052	2376	2	1
652		中量增加小德0	6	0	1440	1872	2304	2736	3168	3	1
653		大量增加小德0	6	0	1800	2340	2880	3420	3960	4	1
654		巨量增加小德0	6	0	2160	2808	3456	4104	4752	5	1
655		微量增加小德0	6	0	720	936	1152	1368	1584	1	1
656		少量增加小德0	6	0	1080	1404	1728	2052	2376	2	1
657		中量增加小德0	6	0	1440	1872	2304	2736	3168	3	1
658		大量增加小德0	6	0	1800	2340	2880	3420	3960	4	1
659		巨量增加小德0	6	0	2160	2808	3456	4104	4752	5	1
660		微量增加小德0	6	0	720	936	1152	1368	1584	1	1
661		少量增加小德0	6	0	1080	1404	1728	2052	2376	2	1
662		中量增加小德0	6	0	1440	1872	2304	2736	3168	3	1
663		大量增加小德0	6	0	1800	2340	2880	3420	3960	4	1
664		巨量增加小德0	6	0	2160	2808	3456	4104	4752	5	1
665		微量增加小德0	6	0	720	936	1152	1368	1584	1	1
666		少量增加小德0	6	0	1080	1404	1728	2052	2376	2	1
667		中量增加小德0	6	0	1440	1872	2304	2736	3168	3	1
668		大量增加小德0	6	0	1800	2340	2880	3420	3960	4	1
669		巨量增加小德0	6	0	2160	2808	3456	4104	4752	5	1
670		微量增加小德0	6	0	720	936	1152	1368	1584	1	1
671		少量增加小德0	6	0	1080	1404	1728	2052	2376	2	1
672		中量增加小德0	6	0	1440	1872	2304	2736	3168	3	1
673		大量增加小德0	6	0	1800	2340	2880	3420	3960	4	1
674		巨量增加小德0	6	0	2160	2808	3456	4104	4752	5	1
675		微量增加小德0	6	0	720	936	1152	1368	1584	1	1
676		少量增加小德0	6	0	1080	1404	1728	2052	2376	2	1
677		中量增加小德0	6	0	1440	1872	2304	2736	3168	3	1
678		大量增加小德0	6	0	1800	2340	2880	3420	3960	4	1
679		巨量增加小德0	6	0	2160	2808	3456	4104	4752	5	1
680		微量增加小德0	6	0	720	936	1152	1368	1584	1	1
681		少量增加小德0	6	0	1080	1404	1728	2052	2376	2	1
682		中量增加小德0	6	0	1440	1872	2304	2736	3168	3	1
683		大量增加小德0	6	0	1800	2340	2880	3420	3960	4	1
684		巨量增加小德0	6	0	2160	2808	3456	4104	4752	5	1
685		微量增加小德0	6	0	720	936	1152	1368	1584	1	1
686		少量增加小德0	6	0	1080	1404	1728	2052	2376	2	1
687		中量增加小德0	6	0	1440	1872	2304	2736	3168	3	1
688		大量增加小德0	6	0	1800	2340	2880	3420	3960	4	1
689		巨量增加小德0	6	0	2160	2808	3456	4104	4752	5	1
690		微量增加小德0	6	0	720	936	1152	1368	1584	1	1
691		少量增加小德0	6	0	1080	1404	1728	2052	2376	2	1
692		中量增加小德0	6	0	1440	1872	2304	2736	3168	3	1
693		大量增加小德0	6	0	1800	2340	2880	3420	3960	4	1
694		巨量增加小德0	6	0	2160	2808	3456	4104	4752	5	1
695		微量增加小德0	6	0	720	936	1152	1368	1584	1	1
696		少量增加小德0	6	0	1080	1404	1728	2052	2376	2	1
697		中量增加小德0	6	0	1440	1872	2304	2736	3168	3	1
698		大量增加小德0	6	0	1800	2340	2880	3420	3960	4	1
699		巨量增加小德0	6	0	2160	2808	3456	4104	4752	5	1
700	初级攻击协调	微量增加法师物攻伤害	7	3	360	468	576	684	792	1	1
701	中级攻击协调	少量增加法师物攻伤害	7	3	540	702	864	1026	1188	2	1
702	高级攻击协调	中量增加法师物攻伤害	7	3	720	936	1152	1368	1584	3	1
703	大师攻击协调	大量增加法师物攻伤害	7	3	900	1170	1440	1710	1980	4	1
704	宗师攻击协调	巨量增加法师物攻伤害	7	3	1080	1404	1728	2052	2376	5	1
705	初级法力解放	微量增加法师法攻伤害	7	4	360	468	576	684	792	1	1
706	中级法力解放	少量增加法师法攻伤害	7	4	540	702	864	1026	1188	2	1
707	高级法力解放	中量增加法师法攻伤害	7	4	720	936	1152	1368	1584	3	1
708	大师法力解放	大量增加法师法攻伤害	7	4	900	1170	1440	1710	1980	4	1
709	宗师法力解放	巨量增加法师法攻伤害	7	4	1080	1404	1728	2052	2376	5	1
710	初级召唤餐桌	微量增加法师治疗效果	7	5	360	468	576	684	792	1	1
711	中级召唤餐桌	少量增加法师治疗效果	7	5	540	702	864	1026	1188	2	1
712	高级召唤餐桌	中量增加法师治疗效果	7	5	720	936	1152	1368	1584	3	1
713	大师召唤餐桌	大量增加法师治疗效果	7	5	900	1170	1440	1710	1980	4	1
714	宗师召唤餐桌	巨量增加法师治疗效果	7	5	1080	1404	1728	2052	2376	5	1
715	初级心灵之眼	微量增加法师暴击几率	7	0	360	468	576	684	792	1	1
716	中级心灵之眼	少量增加法师暴击几率	7	0	540	702	864	1026	1188	2	1
717	高级心灵之眼	中量增加法师暴击几率	7	0	720	936	1152	1368	1584	3	1
718	大师心灵之眼	大量增加法师暴击几率	7	0	900	1170	1440	1710	1980	4	1
719	宗师心灵之眼	巨量增加法师暴击几率	7	0	1080	1404	1728	2052	2376	5	1
720	初级气定神闲	微量增加法师命中几率	7	1	360	468	576	684	792	1	1
721	中级气定神闲	少量增加法师命中几率	7	1	540	702	864	1026	1188	2	1
722	高级气定神闲	中量增加法师命中几率	7	1	720	936	1152	1368	1584	3	1
723	大师气定神闲	大量增加法师命中几率	7	1	900	1170	1440	1710	1980	4	1
724	宗师气定神闲	巨量增加法师命中几率	7	1	1080	1404	1728	2052	2376	5	1
725	初级第六感应	微量增加法师闪避几率	7	2	288	374.4	460.8	547.2	633.6	1	1
726	中级第六感应	少量增加法师闪避几率	7	2	432	561.6	691.2	820.8	950.4	2	1
727	高级第六感应	中量增加法师闪避几率	7	2	576	748.8	921.6	1094.4	1267.2	3	1
728	大师第六感应	大量增加法师闪避几率	7	2	720	936	1152	1368	1584	4	1
729	宗师第六感应	巨量增加法师闪避几率	7	2	864	1123.2	1382.4	1641.6	1900.8	5	1
730	初级法力意志	微量增加法师法抗	7	7	-360	-468	-576	-684	-792	1	1
731	中级法力意志	少量增加法师法抗	7	7	-540	-702	-864	-1026	-1188	2	1
732	高级法力意志	中量增加法师法抗	7	7	-720	-936	-1152	-1368	-1584	3	1
733	大师法力意志	大量增加法师法抗	7	7	-900	-1170	-1440	-1710	-1980	4	1
734	宗师法力意志	巨量增加法师法抗	7	7	-1080	-1404	-1728	-2052	-2376	5	1
735	初级时光护盾	微量增加法师物抗	7	6	-360	-468	-576	-684	-792	1	1
736	中级时光护盾	少量增加法师物抗	7	6	-540	-702	-864	-1026	-1188	2	1
737	高级时光护盾	中量增加法师物抗	7	6	-720	-936	-1152	-1368	-1584	3	1
738	大师时光护盾	大量增加法师物抗	7	6	-900	-1170	-1440	-1710	-1980	4	1
739	宗师时光护盾	巨量增加法师物抗	7	6	-1080	-1404	-1728	-2052	-2376	5	1
740	初级法术护甲	微量增加法师韧性	7	9	360	468	576	684	792	1	1
741	中级法术护甲	少量增加法师韧性	7	9	540	702	864	1026	1188	2	1
742	高级法术护甲	中量增加法师韧性	7	9	720	936	1152	1368	1584	3	1
743	大师法术护甲	大量增加法师韧性	7	9	900	1170	1440	1710	1980	4	1
744	宗师法术护甲	巨量增加法师韧性	7	9	1080	1404	1728	2052	2376	5	1
745	初级共生术	微量增加法师被治疗	7	8	720	936	1152	1368	1584	1	1
746	中级共生术	少量增加法师被治疗	7	8	1080	1404	1728	2052	2376	2	1
747	高级共生术	中量增加法师被治疗	7	8	1440	1872	2304	2736	3168	3	1
748	大师共生术	大量增加法师被治疗	7	8	1800	2340	2880	3420	3960	4	1
749	宗师共生术	巨量增加法师被治疗	7	8	2160	2808	3456	4104	4752	5	1
750		微量增加法师0	7	0	720	936	1152	1368	1584	1	1
751		少量增加法师0	7	0	1080	1404	1728	2052	2376	2	1
752		中量增加法师0	7	0	1440	1872	2304	2736	3168	3	1
753		大量增加法师0	7	0	1800	2340	2880	3420	3960	4	1
754		巨量增加法师0	7	0	2160	2808	3456	4104	4752	5	1
755		微量增加法师0	7	0	720	936	1152	1368	1584	1	1
756		少量增加法师0	7	0	1080	1404	1728	2052	2376	2	1
757		中量增加法师0	7	0	1440	1872	2304	2736	3168	3	1
758		大量增加法师0	7	0	1800	2340	2880	3420	3960	4	1
759		巨量增加法师0	7	0	2160	2808	3456	4104	4752	5	1
760		微量增加法师0	7	0	720	936	1152	1368	1584	1	1
761		少量增加法师0	7	0	1080	1404	1728	2052	2376	2	1
762		中量增加法师0	7	0	1440	1872	2304	2736	3168	3	1
763		大量增加法师0	7	0	1800	2340	2880	3420	3960	4	1
764		巨量增加法师0	7	0	2160	2808	3456	4104	4752	5	1
765		微量增加法师0	7	0	720	936	1152	1368	1584	1	1
766		少量增加法师0	7	0	1080	1404	1728	2052	2376	2	1
767		中量增加法师0	7	0	1440	1872	2304	2736	3168	3	1
768		大量增加法师0	7	0	1800	2340	2880	3420	3960	4	1
769		巨量增加法师0	7	0	2160	2808	3456	4104	4752	5	1
770		微量增加法师0	7	0	720	936	1152	1368	1584	1	1
771		少量增加法师0	7	0	1080	1404	1728	2052	2376	2	1
772		中量增加法师0	7	0	1440	1872	2304	2736	3168	3	1
773		大量增加法师0	7	0	1800	2340	2880	3420	3960	4	1
774		巨量增加法师0	7	0	2160	2808	3456	4104	4752	5	1
775		微量增加法师0	7	0	720	936	1152	1368	1584	1	1
776		少量增加法师0	7	0	1080	1404	1728	2052	2376	2	1
777		中量增加法师0	7	0	1440	1872	2304	2736	3168	3	1
778		大量增加法师0	7	0	1800	2340	2880	3420	3960	4	1
779		巨量增加法师0	7	0	2160	2808	3456	4104	4752	5	1
780		微量增加法师0	7	0	720	936	1152	1368	1584	1	1
781		少量增加法师0	7	0	1080	1404	1728	2052	2376	2	1
782		中量增加法师0	7	0	1440	1872	2304	2736	3168	3	1
783		大量增加法师0	7	0	1800	2340	2880	3420	3960	4	1
784		巨量增加法师0	7	0	2160	2808	3456	4104	4752	5	1
785		微量增加法师0	7	0	720	936	1152	1368	1584	1	1
786		少量增加法师0	7	0	1080	1404	1728	2052	2376	2	1
787		中量增加法师0	7	0	1440	1872	2304	2736	3168	3	1
788		大量增加法师0	7	0	1800	2340	2880	3420	3960	4	1
789		巨量增加法师0	7	0	2160	2808	3456	4104	4752	5	1
790		微量增加法师0	7	0	720	936	1152	1368	1584	1	1
791		少量增加法师0	7	0	1080	1404	1728	2052	2376	2	1
792		中量增加法师0	7	0	1440	1872	2304	2736	3168	3	1
793		大量增加法师0	7	0	1800	2340	2880	3420	3960	4	1
794		巨量增加法师0	7	0	2160	2808	3456	4104	4752	5	1
795		微量增加法师0	7	0	720	936	1152	1368	1584	1	1
796		少量增加法师0	7	0	1080	1404	1728	2052	2376	2	1
797		中量增加法师0	7	0	1440	1872	2304	2736	3168	3	1
798		大量增加法师0	7	0	1800	2340	2880	3420	3960	4	1
799		巨量增加法师0	7	0	2160	2808	3456	4104	4752	5	1
800	初级精神鞭笞	微量增加牧师物攻伤害	8	3	360	468	576	684	792	1	1
801	中级精神鞭笞	少量增加牧师物攻伤害	8	3	540	702	864	1026	1188	2	1
802	高级精神鞭笞	中量增加牧师物攻伤害	8	3	720	936	1152	1368	1584	3	1
803	大师精神鞭笞	大量增加牧师物攻伤害	8	3	900	1170	1440	1710	1980	4	1
804	宗师精神鞭笞	巨量增加牧师物攻伤害	8	3	1080	1404	1728	2052	2376	5	1
805	初级魔力增幅	微量增加牧师法攻伤害	8	4	360	468	576	684	792	1	1
806	中级魔力增幅	少量增加牧师法攻伤害	8	4	540	702	864	1026	1188	2	1
807	高级魔力增幅	中量增加牧师法攻伤害	8	4	720	936	1152	1368	1584	3	1
808	大师魔力增幅	大量增加牧师法攻伤害	8	4	900	1170	1440	1710	1980	4	1
809	宗师魔力增幅	巨量增加牧师法攻伤害	8	4	1080	1404	1728	2052	2376	5	1
810	初级牧师祷言	微量增加牧师治疗效果	8	5	360	468	576	684	792	1	1
811	中级牧师祷言	少量增加牧师治疗效果	8	5	540	702	864	1026	1188	2	1
812	高级牧师祷言	中量增加牧师治疗效果	8	5	720	936	1152	1368	1584	3	1
813	大师牧师祷言	大量增加牧师治疗效果	8	5	900	1170	1440	1710	1980	4	1
814	宗师牧师祷言	巨量增加牧师治疗效果	8	5	1080	1404	1728	2052	2376	5	1
815	初级神圣之星	微量增加牧师暴击几率	8	0	360	468	576	684	792	1	1
816	中级神圣之星	少量增加牧师暴击几率	8	0	540	702	864	1026	1188	2	1
817	高级神圣之星	中量增加牧师暴击几率	8	0	720	936	1152	1368	1584	3	1
818	大师神圣之星	大量增加牧师暴击几率	8	0	900	1170	1440	1710	1980	4	1
819	宗师神圣之星	巨量增加牧师暴击几率	8	0	1080	1404	1728	2052	2376	5	1
820	初级全神贯注	微量增加牧师命中几率	8	1	360	468	576	684	792	1	1
821	中级全神贯注	少量增加牧师命中几率	8	1	540	702	864	1026	1188	2	1
822	高级全神贯注	中量增加牧师命中几率	8	1	720	936	1152	1368	1584	3	1
823	大师全神贯注	大量增加牧师命中几率	8	1	900	1170	1440	1710	1980	4	1
824	宗师全神贯注	巨量增加牧师命中几率	8	1	1080	1404	1728	2052	2376	5	1
825	初级幻隐之态	微量增加牧师闪避几率	8	2	288	374.4	460.8	547.2	633.6	1	1
826	中级幻隐之态	少量增加牧师闪避几率	8	2	432	561.6	691.2	820.8	950.4	2	1
827	高级幻隐之态	中量增加牧师闪避几率	8	2	576	748.8	921.6	1094.4	1267.2	3	1
828	大师幻隐之态	大量增加牧师闪避几率	8	2	720	936	1152	1368	1584	4	1
829	宗师幻隐之态	巨量增加牧师闪避几率	8	2	864	1123.2	1382.4	1641.6	1900.8	5	1
830	初级魔力洞察	微量增加牧师法抗	8	7	-360	-468	-576	-684	-792	1	1
831	中级魔力洞察	少量增加牧师法抗	8	7	-540	-702	-864	-1026	-1188	2	1
832	高级魔力洞察	中量增加牧师法抗	8	7	-720	-936	-1152	-1368	-1584	3	1
833	大师魔力洞察	大量增加牧师法抗	8	7	-900	-1170	-1440	-1710	-1980	4	1
834	宗师魔力洞察	巨量增加牧师法抗	8	7	-1080	-1404	-1728	-2052	-2376	5	1
835	初级灵魂护壳	微量增加牧师物抗	8	6	-360	-468	-576	-684	-792	1	1
836	中级灵魂护壳	少量增加牧师物抗	8	6	-540	-702	-864	-1026	-1188	2	1
837	高级灵魂护壳	中量增加牧师物抗	8	6	-720	-936	-1152	-1368	-1584	3	1
838	大师灵魂护壳	大量增加牧师物抗	8	6	-900	-1170	-1440	-1710	-1980	4	1
839	宗师灵魂护壳	巨量增加牧师物抗	8	6	-1080	-1404	-1728	-2052	-2376	5	1
840	初级虚空转移	微量增加牧师韧性	8	9	360	468	576	684	792	1	1
841	中级虚空转移	少量增加牧师韧性	8	9	540	702	864	1026	1188	2	1
842	高级虚空转移	中量增加牧师韧性	8	9	720	936	1152	1368	1584	3	1
843	大师虚空转移	大量增加牧师韧性	8	9	900	1170	1440	1710	1980	4	1
844	宗师虚空转移	巨量增加牧师韧性	8	9	1080	1404	1728	2052	2376	5	1
845	初级愈合祷言	微量增加牧师被治疗	8	8	720	936	1152	1368	1584	1	1
846	中级愈合祷言	少量增加牧师被治疗	8	8	1080	1404	1728	2052	2376	2	1
847	高级愈合祷言	中量增加牧师被治疗	8	8	1440	1872	2304	2736	3168	3	1
848	大师愈合祷言	大量增加牧师被治疗	8	8	1800	2340	2880	3420	3960	4	1
849	宗师愈合祷言	巨量增加牧师被治疗	8	8	2160	2808	3456	4104	4752	5	1
850		微量增加牧师0	8	0	720	936	1152	1368	1584	1	1
851		少量增加牧师0	8	0	1080	1404	1728	2052	2376	2	1
852		中量增加牧师0	8	0	1440	1872	2304	2736	3168	3	1
853		大量增加牧师0	8	0	1800	2340	2880	3420	3960	4	1
854		巨量增加牧师0	8	0	2160	2808	3456	4104	4752	5	1
855		微量增加牧师0	8	0	720	936	1152	1368	1584	1	1
856		少量增加牧师0	8	0	1080	1404	1728	2052	2376	2	1
857		中量增加牧师0	8	0	1440	1872	2304	2736	3168	3	1
858		大量增加牧师0	8	0	1800	2340	2880	3420	3960	4	1
859		巨量增加牧师0	8	0	2160	2808	3456	4104	4752	5	1
860		微量增加牧师0	8	0	720	936	1152	1368	1584	1	1
861		少量增加牧师0	8	0	1080	1404	1728	2052	2376	2	1
862		中量增加牧师0	8	0	1440	1872	2304	2736	3168	3	1
863		大量增加牧师0	8	0	1800	2340	2880	3420	3960	4	1
864		巨量增加牧师0	8	0	2160	2808	3456	4104	4752	5	1
865		微量增加牧师0	8	0	720	936	1152	1368	1584	1	1
866		少量增加牧师0	8	0	1080	1404	1728	2052	2376	2	1
867		中量增加牧师0	8	0	1440	1872	2304	2736	3168	3	1
868		大量增加牧师0	8	0	1800	2340	2880	3420	3960	4	1
869		巨量增加牧师0	8	0	2160	2808	3456	4104	4752	5	1
870		微量增加牧师0	8	0	720	936	1152	1368	1584	1	1
871		少量增加牧师0	8	0	1080	1404	1728	2052	2376	2	1
872		中量增加牧师0	8	0	1440	1872	2304	2736	3168	3	1
873		大量增加牧师0	8	0	1800	2340	2880	3420	3960	4	1
874		巨量增加牧师0	8	0	2160	2808	3456	4104	4752	5	1
875		微量增加牧师0	8	0	720	936	1152	1368	1584	1	1
876		少量增加牧师0	8	0	1080	1404	1728	2052	2376	2	1
877		中量增加牧师0	8	0	1440	1872	2304	2736	3168	3	1
878		大量增加牧师0	8	0	1800	2340	2880	3420	3960	4	1
879		巨量增加牧师0	8	0	2160	2808	3456	4104	4752	5	1
880		微量增加牧师0	8	0	720	936	1152	1368	1584	1	1
881		少量增加牧师0	8	0	1080	1404	1728	2052	2376	2	1
882		中量增加牧师0	8	0	1440	1872	2304	2736	3168	3	1
883		大量增加牧师0	8	0	1800	2340	2880	3420	3960	4	1
884		巨量增加牧师0	8	0	2160	2808	3456	4104	4752	5	1
885		微量增加牧师0	8	0	720	936	1152	1368	1584	1	1
886		少量增加牧师0	8	0	1080	1404	1728	2052	2376	2	1
887		中量增加牧师0	8	0	1440	1872	2304	2736	3168	3	1
888		大量增加牧师0	8	0	1800	2340	2880	3420	3960	4	1
889		巨量增加牧师0	8	0	2160	2808	3456	4104	4752	5	1
890		微量增加牧师0	8	0	720	936	1152	1368	1584	1	1
891		少量增加牧师0	8	0	1080	1404	1728	2052	2376	2	1
892		中量增加牧师0	8	0	1440	1872	2304	2736	3168	3	1
893		大量增加牧师0	8	0	1800	2340	2880	3420	3960	4	1
894		巨量增加牧师0	8	0	2160	2808	3456	4104	4752	5	1
895		微量增加牧师0	8	0	720	936	1152	1368	1584	1	1
896		少量增加牧师0	8	0	1080	1404	1728	2052	2376	2	1
897		中量增加牧师0	8	0	1440	1872	2304	2736	3168	3	1
898		大量增加牧师0	8	0	1800	2340	2880	3420	3960	4	1
899		巨量增加牧师0	8	0	2160	2808	3456	4104	4752	5	1
900	初级暗影打击	微量增加术士物攻伤害	9	3	360	468	576	684	792	1	1
901	中级暗影打击	少量增加术士物攻伤害	9	3	540	702	864	1026	1188	2	1
902	高级暗影打击	中量增加术士物攻伤害	9	3	720	936	1152	1368	1584	3	1
903	大师暗影打击	大量增加术士物攻伤害	9	3	900	1170	1440	1710	1980	4	1
904	宗师暗影打击	巨量增加术士物攻伤害	9	3	1080	1404	1728	2052	2376	5	1
905	初级黑暗契约	微量增加术士法攻伤害	9	4	360	468	576	684	792	1	1
906	中级黑暗契约	少量增加术士法攻伤害	9	4	540	702	864	1026	1188	2	1
907	高级黑暗契约	中量增加术士法攻伤害	9	4	720	936	1152	1368	1584	3	1
908	大师黑暗契约	大量增加术士法攻伤害	9	4	900	1170	1440	1710	1980	4	1
909	宗师黑暗契约	巨量增加术士法攻伤害	9	4	1080	1404	1728	2052	2376	5	1
910	初级生命通道	微量增加术士治疗效果	9	5	360	468	576	684	792	1	1
911	中级生命通道	少量增加术士治疗效果	9	5	540	702	864	1026	1188	2	1
912	高级生命通道	中量增加术士治疗效果	9	5	720	936	1152	1368	1584	3	1
913	大师生命通道	大量增加术士治疗效果	9	5	900	1170	1440	1710	1980	4	1
914	宗师生命通道	巨量增加术士治疗效果	9	5	1080	1404	1728	2052	2376	5	1
915	初级魔力共鸣	微量增加术士暴击几率	9	0	360	468	576	684	792	1	1
916	中级魔力共鸣	少量增加术士暴击几率	9	0	540	702	864	1026	1188	2	1
917	高级魔力共鸣	中量增加术士暴击几率	9	0	720	936	1152	1368	1584	3	1
918	大师魔力共鸣	大量增加术士暴击几率	9	0	900	1170	1440	1710	1980	4	1
919	宗师魔力共鸣	巨量增加术士暴击几率	9	0	1080	1404	1728	2052	2376	5	1
920	初级黑暗指引	微量增加术士命中几率	9	1	360	468	576	684	792	1	1
921	中级黑暗指引	少量增加术士命中几率	9	1	540	702	864	1026	1188	2	1
922	高级黑暗指引	中量增加术士命中几率	9	1	720	936	1152	1368	1584	3	1
923	大师黑暗指引	大量增加术士命中几率	9	1	900	1170	1440	1710	1980	4	1
924	宗师黑暗指引	巨量增加术士命中几率	9	1	1080	1404	1728	2052	2376	5	1
925	初级暗影守护	微量增加术士闪避几率	9	2	288	374.4	460.8	547.2	633.6	1	1
926	中级暗影守护	少量增加术士闪避几率	9	2	432	561.6	691.2	820.8	950.4	2	1
927	高级暗影守护	中量增加术士闪避几率	9	2	576	748.8	921.6	1094.4	1267.2	3	1
928	大师暗影守护	大量增加术士闪避几率	9	2	720	936	1152	1368	1584	4	1
929	宗师暗影守护	巨量增加术士闪避几率	9	2	864	1123.2	1382.4	1641.6	1900.8	5	1
930	初级黑暗学识	微量增加术士法抗	9	7	-360	-468	-576	-684	-792	1	1
931	中级黑暗学识	少量增加术士法抗	9	7	-540	-702	-864	-1026	-1188	2	1
932	高级黑暗学识	中量增加术士法抗	9	7	-720	-936	-1152	-1368	-1584	3	1
933	大师黑暗学识	大量增加术士法抗	9	7	-900	-1170	-1440	-1710	-1980	4	1
934	宗师黑暗学识	巨量增加术士法抗	9	7	-1080	-1404	-1728	-2052	-2376	5	1
935	初级骸骨之盾	微量增加术士物抗	9	6	-360	-468	-576	-684	-792	1	1
936	中级骸骨之盾	少量增加术士物抗	9	6	-540	-702	-864	-1026	-1188	2	1
937	高级骸骨之盾	中量增加术士物抗	9	6	-720	-936	-1152	-1368	-1584	3	1
938	大师骸骨之盾	大量增加术士物抗	9	6	-900	-1170	-1440	-1710	-1980	4	1
939	宗师骸骨之盾	巨量增加术士物抗	9	6	-1080	-1404	-1728	-2052	-2376	5	1
940	初级暗影之盾	微量增加术士韧性	9	9	360	468	576	684	792	1	1
941	中级暗影之盾	少量增加术士韧性	9	9	540	702	864	1026	1188	2	1
942	高级暗影之盾	中量增加术士韧性	9	9	720	936	1152	1368	1584	3	1
943	大师暗影之盾	大量增加术士韧性	9	9	900	1170	1440	1710	1980	4	1
944	宗师暗影之盾	巨量增加术士韧性	9	9	1080	1404	1728	2052	2376	5	1
945	初级血之气息	微量增加术士被治疗	9	8	720	936	1152	1368	1584	1	1
946	中级血之气息	少量增加术士被治疗	9	8	1080	1404	1728	2052	2376	2	1
947	高级血之气息	中量增加术士被治疗	9	8	1440	1872	2304	2736	3168	3	1
948	大师血之气息	大量增加术士被治疗	9	8	1800	2340	2880	3420	3960	4	1
949	宗师血之气息	巨量增加术士被治疗	9	8	2160	2808	3456	4104	4752	5	1
950		微量增加术士0	9	0	720	936	1152	1368	1584	1	1
951		少量增加术士0	9	0	1080	1404	1728	2052	2376	2	1
952		中量增加术士0	9	0	1440	1872	2304	2736	3168	3	1
953		大量增加术士0	9	0	1800	2340	2880	3420	3960	4	1
954		巨量增加术士0	9	0	2160	2808	3456	4104	4752	5	1
955		微量增加术士0	9	0	720	936	1152	1368	1584	1	1
956		少量增加术士0	9	0	1080	1404	1728	2052	2376	2	1
957		中量增加术士0	9	0	1440	1872	2304	2736	3168	3	1
958		大量增加术士0	9	0	1800	2340	2880	3420	3960	4	1
959		巨量增加术士0	9	0	2160	2808	3456	4104	4752	5	1
960		微量增加术士0	9	0	720	936	1152	1368	1584	1	1
961		少量增加术士0	9	0	1080	1404	1728	2052	2376	2	1
962		中量增加术士0	9	0	1440	1872	2304	2736	3168	3	1
963		大量增加术士0	9	0	1800	2340	2880	3420	3960	4	1
964		巨量增加术士0	9	0	2160	2808	3456	4104	4752	5	1
965		微量增加术士0	9	0	720	936	1152	1368	1584	1	1
966		少量增加术士0	9	0	1080	1404	1728	2052	2376	2	1
967		中量增加术士0	9	0	1440	1872	2304	2736	3168	3	1
968		大量增加术士0	9	0	1800	2340	2880	3420	3960	4	1
969		巨量增加术士0	9	0	2160	2808	3456	4104	4752	5	1
970		微量增加术士0	9	0	720	936	1152	1368	1584	1	1
971		少量增加术士0	9	0	1080	1404	1728	2052	2376	2	1
972		中量增加术士0	9	0	1440	1872	2304	2736	3168	3	1
973		大量增加术士0	9	0	1800	2340	2880	3420	3960	4	1
974		巨量增加术士0	9	0	2160	2808	3456	4104	4752	5	1
975		微量增加术士0	9	0	720	936	1152	1368	1584	1	1
976		少量增加术士0	9	0	1080	1404	1728	2052	2376	2	1
977		中量增加术士0	9	0	1440	1872	2304	2736	3168	3	1
978		大量增加术士0	9	0	1800	2340	2880	3420	3960	4	1
979		巨量增加术士0	9	0	2160	2808	3456	4104	4752	5	1
980		微量增加术士0	9	0	720	936	1152	1368	1584	1	1
981		少量增加术士0	9	0	1080	1404	1728	2052	2376	2	1
982		中量增加术士0	9	0	1440	1872	2304	2736	3168	3	1
983		大量增加术士0	9	0	1800	2340	2880	3420	3960	4	1
984		巨量增加术士0	9	0	2160	2808	3456	4104	4752	5	1
985		微量增加术士0	9	0	720	936	1152	1368	1584	1	1
986		少量增加术士0	9	0	1080	1404	1728	2052	2376	2	1
987		中量增加术士0	9	0	1440	1872	2304	2736	3168	3	1
988		大量增加术士0	9	0	1800	2340	2880	3420	3960	4	1
989		巨量增加术士0	9	0	2160	2808	3456	4104	4752	5	1
990		微量增加术士0	9	0	720	936	1152	1368	1584	1	1
991		少量增加术士0	9	0	1080	1404	1728	2052	2376	2	1
992		中量增加术士0	9	0	1440	1872	2304	2736	3168	3	1
993		大量增加术士0	9	0	1800	2340	2880	3420	3960	4	1
994		巨量增加术士0	9	0	2160	2808	3456	4104	4752	5	1
995		微量增加术士0	9	0	720	936	1152	1368	1584	1	1
996		少量增加术士0	9	0	1080	1404	1728	2052	2376	2	1
997		中量增加术士0	9	0	1440	1872	2304	2736	3168	3	1
998		大量增加术士0	9	0	1800	2340	2880	3420	3960	4	1
999		巨量增加术士0	9	0	2160	2808	3456	4104	4752	5	1
